II.KDAK.xml 40.0 -152.5835 57.7828
TA.N14K.xml 40.0 -161.685196 59.923698
TA.O14K.xml 40.0 -161.2638 59.2533
TA.O15K.xml 40.0 -159.8246 59.176701
TA.O16K.xml 40.0 -158.093201 59.5938
TA.O17K.xml 40.0 -157.094604 59.7733
TA.O18K.xml 40.0 -155.208 59.8542
TA.P16K.xml 40.0 -157.9906 59.0314
TA.P17K.xml 40.0 -156.4394 59.1953
TA.P18K.xml 40.0 -155.2292 59.3922
TA.P19K.xml 40.0 -153.2319 59.6524
TA.P23K.xml 40.0 -147.4031 59.9979
TA.Q16K.xml 40.0 -156.6556 58.6774
TA.Q17K.xml 40.0 -155.8865 58.2637
TA.Q18K.xml 40.0 -155.0086 58.6484
TA.Q19K.xml 40.0 -153.6446 58.9287
TA.Q20K.xml 40.0 -152.3942 58.6097
TA.R16K.xml 40.0 -157.5742 57.5673
TA.R17L.xml 40.0 -156.3599 57.6313
TA.R18K.xml 40.0 -154.4524 57.5665
TA.S12K.xml 40.0 -162.061 55.703
TA.S14K.xml 40.0 -159.5532 56.2848
AK.BRLK.xml 50.0 -150.9063 59.7511
AK.BRSE.xml 50.0 -150.741394 59.741699
AK.CHI.xml 50.0 -155.6225 55.8218
AK.CHN.xml 50.0 -159.589493 54.831001
AK.CNP.xml 50.0 -151.2373 59.5251
AK.HOM.xml 50.0 -151.651505 59.6572
AK.SII.xml 50.0 -154.1842 56.5593
AT.CHGN.xml 50.0 -158.414154 56.301399
AT.OHAK.xml 50.0 -153.287506 57.2225
AT.SDPT.xml 50.0 -160.476593 55.3493
AV.ACH.xml 50.0 -155.3281 58.21
AV.ANCK.xml 50.0 -155.4961 58.1981
AV.AU22.xml 50.0 -153.3573 59.3702
AV.AULG.xml 50.0 -153.5193 59.3773
AV.AUL.xml 50.0 -153.4379 59.3816
AV.AUNO.xml 50.0 -153.4513 59.4041
AV.AUSB.xml 50.0 -153.4284 59.333
AV.AUWS.xml 50.0 -153.4608 59.3585
AV.ILSW.xml 50.0 -153.1425 59.9832
AV.ILS.xml 50.0 -153.0703 59.957
AV.KABU.xml 50.0 -155.2843 58.2702
AV.KAHG.xml 50.0 -154.5484 58.4933
AV.KAKN.xml 50.0 -155.0632 58.2963
AV.KJL.xml 50.0 -155.5753 58.0533
AV.PLBL.xml 50.0 -156.821 57.6991
AV.PLK1.xml 50.0 -156.6093 57.8012
AV.PLK2.xml 50.0 -156.3264 57.7634
AV.PLK3.xml 50.0 -156.2695 57.688
AV.PLK5.xml 50.0 -156.88 57.997
AV.PN7A.xml 50.0 -161.9973 55.4329
AV.PS1A.xml 50.0 -161.7437 55.4201
AV.PS4A.xml 50.0 -161.8567 55.346
AV.PV6A.xml 50.0 -161.9714 55.507
AV.ANNE.xml 100.0 -158.061 56.9119
AV.ANNW.xml 100.0 -158.217 56.9656
AV.ANON.xml 100.0 -158.1737 56.919
AV.ANPB.xml 100.0 -158.2829 56.8016
AV.ANPK.xml 100.0 -158.1283 56.8409
AV.AUE.xml 100.0 -153.3773 59.3711
AV.AUH.xml 100.0 -153.4454 59.3632
AV.AUJK.xml 100.0 -153.4106 59.3493
AV.AUP.xml 100.0 -153.4226 59.3627
AV.AUW.xml 100.0 -153.473 59.3694
AV.AZAC.xml 100.0 -158.2328 56.8947
AV.BLDY.xml 100.0 -162.7856 55.1936
AV.CAHL.xml 100.0 -155.3036 58.0518
AV.DT1.xml 100.0 -162.2801 55.1062
AV.DTN.xml 100.0 -162.259 55.1448
AV.HAG.xml 100.0 -161.9045 55.317
AV.KABR.xml 100.0 -154.9705 58.1304
AV.KAPH.xml 100.0 -154.3489 58.5961
AV.KARR.xml 100.0 -154.7054 58.4971
AV.KAWH.xml 100.0 -154.8013 58.383
AV.KBM.xml 100.0 -155.2038 58.2743
AV.KCE.xml 100.0 -155.1854 58.2426
AV.KCG.xml 100.0 -155.1135 58.3069
AV.KEL.xml 100.0 -155.7428 58.4393
AV.KVT.xml 100.0 -155.2971 58.381
AV.MGLS.xml 100.0 -155.1629 58.1336
AV.PLK4.xml 100.0 -156.3598 57.6314
AV.PLWL.xml 100.0 -156.3434 58.0442
AV.PVV.xml 100.0 -161.7919 55.3732
AV.VNHG.xml 100.0 -159.1663 56.2203
AV.VNKR.xml 100.0 -159.3699 56.0304
AV.VNNF.xml 100.0 -159.3181 56.2829
AV.VNSG.xml 100.0 -159.0875 56.125
AV.VNSS.xml 100.0 -159.4569 56.2259
AV.VNSW.xml 100.0 -159.5606 56.0712
AV.VNWF.xml 100.0 -159.5643 56.1509
GM.AD07.xml 100.0 -151.836594 59.779942
XO.EP14.xml 100.0 -155.9036 59.3257
XO.EP15.xml 100.0 -155.0867 58.9664
XO.EP16.xml 100.0 -156.8567 59.1126
XO.EP21.xml 100.0 -157.3769 58.212
XO.EP22.xml 100.0 -155.7865 57.9007
XO.EP23.xml 100.0 -157.0201 56.9071
XO.ET17.xml 100.0 -156.265 58.6097
XO.ET18.xml 100.0 -155.788 58.5458
XO.ET19.xml 100.0 -155.4394 58.3686
XO.ET20.xml 100.0 -154.9716 58.1304
XO.KD00.xml 100.0 -152.4484 57.4413
XO.KD01.xml 100.0 -152.4375 57.6401
XO.KD02.xml 100.0 -152.6575 57.8618
XO.KD04.xml 100.0 -152.8497 57.3042
XO.KD05.xml 100.0 -153.4099 57.8717
XO.KD12.xml 100.0 -154.6122 57.313
XO.KS03.xml 100.0 -152.2353 57.6133
XO.KS11.xml 100.0 -153.0879 57.1277
XO.KS13.xml 100.0 -154.1729 56.9472
XO.KT06.xml 100.0 -154.0041 57.6517
XO.KT07.xml 100.0 -153.9814 57.5375
XO.KT08.xml 100.0 -153.8149 57.443
XO.KT09.xml 100.0 -153.7945 57.348
XO.KT10.xml 100.0 -153.66 57.295
XO.LA21.xml 100.0 -155.0735 54.3691
XO.LA23.xml 100.0 -155.2376 54.9163
XO.LA25.xml 100.0 -155.9408 54.8901
XO.LA26.xml 100.0 -156.2561 54.5129
XO.LA28.xml 100.0 -156.603 54.8983
XO.LA29.xml 100.0 -157.3705 54.2918
XO.LA30.xml 100.0 -157.4203 54.6727
XO.LA32.xml 100.0 -157.8522 54.4982
XO.LA33.xml 100.0 -158.1143 54.1528
XO.LA34.xml 100.0 -158.5881 54.0449
XO.LA39.xml 100.0 -151.0011 56.8827
XO.LD35.xml 100.0 -158.872 54.2495
XO.LD36.xml 100.0 -155.7525 55.2524
XO.LD37.xml 100.0 -151.1005 55.6764
XO.LD38.xml 100.0 -151.6756 55.1649
XO.LD40.xml 100.0 -152.4102 56.3037
XO.LD41.xml 100.0 -153.4074 54.5219
XO.LD44.xml 100.0 -159.7736 53.8302
XO.LD45.xml 100.0 -159.8829 54.1025
XO.LT01.xml 100.0 -152.5228 56.7756
XO.LT02.xml 100.0 -153.2611 56.6932
XO.LT03.xml 100.0 -154.1665 57.8668
XO.LT04.xml 100.0 -154.4446 56.1118
XO.LT05.xml 100.0 -155.3469 56.823
XO.LT06.xml 100.0 -155.9979 56.2167
XO.LT07.xml 100.0 -156.1199 56.6712
XO.LT08.xml 100.0 -156.5975 55.5883
XO.LT09.xml 100.0 -157.1389 55.1215
XO.LT10.xml 100.0 -157.3251 55.6251
XO.LT11.xml 100.0 -157.3355 56.1202
XO.LT12.xml 100.0 -157.778 55.207
XO.LT13.xml 100.0 -158.3466 54.8439
XO.LT14.xml 100.0 -158.0302 55.6998
XO.LT15.xml 100.0 -158.3598 55.2002
XO.LT16.xml 100.0 -158.6013 55.4916
XO.LT17.xml 100.0 -160.2016 54.5677
XO.LT18.xml 100.0 -160.5814 54.74
XO.LT20.xml 100.0 -161.3746 54.8002
XO.WD46.xml 100.0 -149.703732 55.521393
XO.WD47.xml 100.0 -150.444792 54.951352
XO.WD48.xml 100.0 -151.731343 56.627365
XO.WD49.xml 100.0 -151.89947 54.399083
XO.WD50.xml 100.0 -152.391763 55.449527
XO.WD51.xml 100.0 -152.771768 55.905087
XO.WD52.xml 100.0 -159.346215 54.046622
XO.WD53.xml 100.0 -153.422908 53.779448
XO.WD54.xml 100.0 -149.066665 56.331433
XO.WD55.xml 100.0 -153.662817 55.761625
XO.WD56.xml 100.0 -154.047078 55.322267
XO.WD57.xml 100.0 -154.434305 54.736387
XO.WD58.xml 100.0 -155.035345 53.906227
XO.WD59.xml 100.0 -155.799387 53.383713
XO.WD60.xml 100.0 -156.579823 52.644867
XO.WD61.xml 100.0 -156.579823 54.647613
XO.WD62.xml 100.0 -157.331882 53.361962
XO.WD63.xml 100.0 -158.093575 52.590072
XO.WD64.xml 100.0 -158.691562 52.001077
XO.WD65.xml 100.0 -158.91238 52.899057
XO.WD66.xml 100.0 -159.617565 53.31452
XO.WD67.xml 100.0 -160.035832 52.162563
XO.WD68.xml 100.0 -160.081145 52.917603
XO.WD69.xml 100.0 -160.34289 53.782065
XO.WD70.xml 100.0 -151.234407 56.541073
XO.WP24.xml 100.0 -158.6603 56.9241
XO.WP25.xml 100.0 -159.7563 56.453
XO.WP30.xml 100.0 -161.2014 56.001
XO.WS26.xml 100.0 -159.1431 55.9123
XO.WS27.xml 100.0 -159.9136 55.2236
XO.WS28.xml 100.0 -162.2992 55.0746
XO.WS71.xml 100.0 -153.078922 56.15695
XO.WS72.xml 100.0 -151.81063 56.257748
XO.WS73.xml 100.0 -158.513277 54.419958
XO.WS74.xml 100.0 -159.361628 54.369193
XO.WS75.xml 100.0 -160.256908 54.17963
